
None,8,200,200,0.0005,0.95,0.8612,0.8603
None,10,200,100,0.0005,0.85,0.8508,0.8434
None,5,600,150,0.01,0.9,0.858,0.8486
None,9,200,100,0.005,0.85,0.8472,0.8412
None,6,600,200,0.0005,0.95,0.8686,0.8715
None,5,200,100,0.005,0.85,0.8564,0.8581
None,9,600,150,0.001,0.95,0.8706,0.8593
None,5,600,100,0.0005,0.9,0.8814,0.8812
None,10,200,50,0.0005,0.95,0.8542,0.8535
None,5,200,100,0.001,0.95,0.8468,0.8437
None,9,200,100,0.001,0.9,0.8502,0.8511
None,7,200,150,0.001,0.85,0.8416,0.8338
None,9,200,100,0.01,0.85,0.8438,0.8453
None,8,400,200,0.005,0.85,0.8578,0.8552
None,10,600,100,0.001,0.85,0.8358,0.8285
None,8,200,200,0.01,0.85,0.8476,0.8513
None,7,400,150,0.0005,0.9,0.8736,0.8667
None,5,600,50,0.005,0.95,0.864,0.8591
None,10,400,200,0.001,0.9,0.8726,0.8665
None,8,200,200,0.0005,0.85,0.8668,0.8625
None,5,400,150,0.005,0.9,0.8612,0.8574
None,10,600,50,0.005,0.9,0.8116,0.8096
None,9,600,50,0.005,0.9,0.85,0.8584
None,8,400,50,0.001,0.95,0.8656,0.8668
None,5,400,50,0.0005,0.95,0.874,0.87
None,5,400,100,0.001,0.9,0.8648,0.868
None,8,400,50,0.005,0.95,0.8456,0.8422
None,5,400,150,0.0005,0.95,0.8856,0.8781
None,7,600,200,0.001,0.95,0.8578,0.8562
None,7,600,150,0.001,0.95,0.872,0.8611
None,5,600,200,0.0005,0.85,0.8732,0.8793
None,10,200,200,0.0005,0.85,0.8344,0.8263
None,10,200,50,0.005,0.95,0.8294,0.8271
None,10,400,200,0.001,0.85,0.859,0.8541
None,10,200,50,0.01,0.9,0.8366,0.8373
None,5,600,200,0.0005,0.95,0.875,0.8828
None,8,600,200,0.005,0.9,0.8764,0.8673
None,7,600,200,0.01,0.85,0.8868,0.8834
None,9,200,100,0.01,0.95,0.8404,0.8439
None,5,600,200,0.0005,0.95,0.8198,0.8152
None,6,200,100,0.0005,0.95,0.8412,0.8403
None,6,200,200,0.0005,0.9,0.8564,0.8538
None,7,200,50,0.005,0.95,0.8644,0.8618
None,9,200,100,0.0005,0.9,0.846,0.842
None,5,600,50,0.01,0.85,0.8756,0.8741
None,6,400,100,0.01,0.95,0.8706,0.873
None,7,200,100,0.001,0.85,0.8618,0.8609
None,8,200,200,0.001,0.9,0.8632,0.865
None,10,400,50,0.001,0.95,0.8482,0.8492
None,8,400,150,0.01,0.95,0.8614,0.8571
None,7,400,50,0.01,0.95,0.8594,0.8622
None,9,600,200,0.01,0.9,0.8598,0.862
None,7,600,50,0.005,0.9,0.8646,0.8605
None,5,600,50,0.01,0.9,0.862,0.8581
None,8,400,100,0.005,0.9,0.8518,0.8451
None,5,600,200,0.005,0.95,0.8854,0.8784
None,9,200,150,0.005,0.85,0.8462,0.8398
None,5,400,200,0.005,0.85,0.8452,0.8505
None,7,400,200,0.01,0.85,0.8716,0.8629
None,8,400,50,0.0005,0.9,0.8454,0.8446
None,9,200,200,0.0005,0.85,0.8318,0.8305
None,10,400,200,0.0005,0.95,0.8674,0.8742
None,10,600,100,0.01,0.9,0.8528,0.8629
None,6,200,100,0.001,0.95,0.8616,0.8628
None,10,400,150,0.01,0.9,0.8378,0.8296
None,9,400,100,0.001,0.9,0.8448,0.8474
None,9,200,200,0.001,0.9,0.8402,0.8454
None,6,400,150,0.01,0.85,0.8642,0.8471
None,10,200,200,0.01,0.9,0.8426,0.844
None,6,400,200,0.01,0.95,0.8804,0.8731
None,10,400,200,0.01,0.85,0.8566,0.8545
None,10,400,150,0.001,0.85,0.848,0.8388
None,8,400,100,0.01,0.85,0.8628,0.864
None,8,600,100,0.01,0.9,0.8516,0.8536
None,7,400,100,0.001,0.95,0.865,0.8659
None,9,200,200,0.0005,0.95,0.8392,0.8369
None,6,200,150,0.005,0.85,0.8464,0.8488
None,6,200,100,0.001,0.95,0.8718,0.8733
None,5,600,100,0.005,0.85,0.866,0.8694
None,5,400,150,0.001,0.9,0.848,0.845
None,9,600,50,0.0005,0.85,0.8588,0.8536
None,9,600,100,0.0005,0.85,0.8522,0.855
None,10,400,150,0.01,0.9,0.838,0.8296
None,9,600,200,0.001,0.85,0.876,0.8654
None,5,600,100,0.001,0.9,0.8652,0.8661
None,6,400,150,0.005,0.9,0.8538,0.8459
None,9,600,200,0.01,0.85,0.879,0.8705
None,7,600,150,0.0005,0.95,0.8358,0.8275
None,8,200,100,0.001,0.9,0.8568,0.8498
None,8,400,100,0.001,0.9,0.8368,0.8372
None,10,400,150,0.005,0.95,0.8574,0.8547
None,7,200,100,0.01,0.95,0.865,0.8657
None,7,600,200,0.005,0.95,0.8764,0.8768
None,5,200,100,0.005,0.85,0.8554,0.8507
None,5,600,200,0.001,0.95,0.886,0.8858
None,7,600,100,0.001,0.95,0.8716,0.866
None,7,600,50,0.0005,0.85,0.8578,0.8548
None,10,400,200,0.01,0.9,0.8376,0.8494
None,6,400,150,0.005,0.9,0.8738,0.8635
None,8,200,150,0.001,0.95,0.8496,0.8424
None,5,200,100,0.001,0.85,0.8646,0.8708
None,9,400,100,0.005,0.95,0.8492,0.8464
None,6,200,100,0.01,0.95,0.8388,0.842
None,10,400,50,0.01,0.95,0.8656,0.8608
None,6,600,50,0.005,0.85,0.8742,0.8731
None,6,200,100,0.0005,0.95,0.862,0.8607
None,9,200,50,0.001,0.85,0.8648,0.8575
None,9,600,50,0.01,0.85,0.8534,0.8509
None,6,600,50,0.0005,0.95,0.8416,0.8469
None,8,400,200,0.0005,0.9,0.8786,0.8691
None,9,200,200,0.0005,0.85,0.86,0.8613
None,9,600,100,0.01,0.9,0.8468,0.8577
None,6,400,200,0.0005,0.85,0.878,0.8736
None,5,200,200,0.005,0.95,0.8672,0.861
None,9,400,100,0.0005,0.9,0.8676,0.8677
None,10,200,100,0.0005,0.9,0.8226,0.8241
None,8,200,100,0.005,0.85,0.8534,0.8524
None,10,400,150,0.01,0.85,0.8618,0.8446
None,8,200,100,0.0005,0.9,0.8484,0.848
None,6,200,100,0.005,0.9,0.8634,0.8665
None,9,200,100,0.001,0.9,0.838,0.8304
None,6,200,100,0.005,0.85,0.8642,0.8681
None,6,400,100,0.005,0.85,0.8694,0.8723
None,5,200,200,0.0005,0.95,0.855,0.8602
None,7,600,150,0.005,0.9,0.8582,0.852
None,8,600,200,0.01,0.95,0.8788,0.8674
